BPMIndexAndName=[
{1} {'1W'};
{2} {'2W'};
{3} {'3W'};
{4} {'4W'};
{5} {'5W'};
{6} {'6W'};
{7} {'7W'};
{8} {'8W'};
{9} {'9W'};
{10} {'10W'};
{11} {'11W'};
{12} {'12W'};
{13} {'13W'};
{14} {'14W'};
{15} {'15W'};
{16} {'16W'};
{17} {'17W'};
{18} {'18W'};
{19} {'19W'};
{20} {'20W'};
{21} {'21W'};
{22} {'22W'};
{23} {'23W'};
{24} {'24W'};
{25} {'25W'};
{26} {'26W'};
{27} {'27W'};
{28} {'28W'};
{29} {'29W'};
{30} {'30W'};
{31} {'31W'};
{32} {'32W'};
{33} {'33W'};
{34} {'34W'};
{35} {'35W'};
{36} {'36W'};
{37} {'37W'};
{38} {'38W'};
{39} {'39W'};
{40} {'40W'};
{41} {'41W'};
{42} {'42W'};
{43} {'43W'};
{44} {'44W'};
{45} {'45W'};
{46} {'46W'};
{47} {'47W'};
{48} {'48W'};
{50} {'49E'};
{51} {'48E'};
{52} {'47E'};
{53} {'46E'};
{54} {'45E'};
{55} {'44E'};
{56} {'43E'};
{57} {'42E'};
{58} {'41E'};
{59} {'40E'};
{60} {'39E'};
{61} {'38E'};
{62} {'37E'};
{63} {'36E'};
{64} {'35E'};
{65} {'34E'};
{66} {'33E'};
{67} {'32E'};
{68} {'31E'};
{69} {'30E'};
{70} {'29E'};
{71} {'28E'};
{72} {'27E'};
{73} {'26E'};
{74} {'25E'};
{75} {'24E'};
{76} {'23E'};
{77} {'22E'};
{78} {'21E'};
{79} {'20E'};
{80} {'19E'};
{81} {'18E'};
{82} {'17E'};
{83} {'16E'};
{84} {'15E'};
{85} {'14E'};
{86} {'13E'};
{87} {'12E'};
{88} {'11E'};
{89} {'10E'};
{90} {'9E'};
{91} {'8E'};
{92} {'7E'};
{93} {'6E'};
{94} {'5E'};
{95} {'4E'};
{96} {'3E'};
{97} {'2E'};
{98} {'1E'};
{99} {'0E'};
{101} {'8AW'};
{103} {'12W2'};
{104} {'12W3'};
{108} {'47AW'};
{112} {'47AE'};
{117} {'14E2'};
{120} {'TEST1'};
{121} {'TEST2'};
{122} {'TEST3'};
];
